[0;37;5;47;107m                                        [0m
[0;37;5;47;107m  .  . .  .  . .  .  . .  .  . .  .  .  [0m
[0;37;5;47;107m   .       .  .::  .   ::: .       .   .[0m
[0;37;5;47;107m     .  .   :[0;37;5;46;106m8[0;36;5;46;106m .:[0;1;36;96;47mX[0;37;5;47;107mt  .[0;1;37;97;47m8[0;36;5;46;106m:[0;1;36;96;46m%[0;36;5;46;106mt[0;1;36;96;47mX[0;37;5;47;107m% .  .    .  [0m
[0;37;5;47;107m .       .%[0;37;5;46;106m@[0;36;5;46;106m  [0;36;5;42;102m:[0;36;5;46;106m: [0;1;32;92;5;46;106m8[0;37;5;46;106m8[0;37;5;47;107m;.[0;37;5;46;106m8[0;36;5;46;106m [0;1;36;96;46m.[0;36;5;46;106m [0;1;32;92;46m8[0;36;5;46;106mS[0;1;36;96;46m%[0;1;36;96;47m@[0;1;37;97;47m8[0;37;5;47;107m:  .      [0m
[0;37;5;47;107m   .  :%[0;37;5;46;106m8[0;36;5;46;106m   [0;36;5;42;102m:[0;36;5;46;106m::[0;1;36;96;46m.[0;1;32;92;5;46;106m8[0;36;5;46;106m  [0;37;5;47;107m8t[0;37;5;46;106mS[0;1;32;92;5;46;106m8[0;36;5;46;106m [0;1;32;92;46m8[0;36;5;46;106m;[0;1;30;90;46m8[0;36;5;46;106m:[0;1;30;90;46mt[0;1;36;96;46mS%[0;36;47m8[0;1;37;97;47m8[0;37;5;47;107m. . .  [0m
[0;37;5;47;107m  . .%[0;36;5;46;106m   [0;36;5;42;102m:[0;36;5;46;106m:::[0;1;36;96;46m:[0;1;32;92;5;46;106mX[0;36;5;46;106m [0;1;32;92;5;46;106m8[0;36;5;46;106m [0;36;5;42;102m [0;37;5;47;107m .[0;36;5;46;106m .[0;36;5;42;102mt[0;36;5;46;106mt[0;1;36;96;46m%[0;36;5;46;106m.[0;1;32;92;46m8[0;36;5;46;106mX[0;1;30;90;46m@[0;1;36;96;46mX%[0;1;30;90;46m:8[0;1;37;97;47m8[0;37;5;47;107m   . [0m
[0;37;5;47;107m  :[0;1;37;97;47m8[0;36;5;46;106m  [0;1;32;92;46m8[0;36;5;46;106m [0;1;32;92;46m8[0;36;5;46;106m .[0;36;5;42;102m:[0;36;5;46;106m [0;1;32;92;5;46;106m@[0;36;5;46;106m [0;1;32;92;5;46;106m8[0;36;5;46;106m ..[0;37;5;47;107m@t[0;37;5;46;106m8[0;36;5;46;106m [0;1;36;96;46mt[0;36;5;46;106m [0;1;32;92;46m8[0;36;5;46;106mX[0;37;46mX[0;1;36;96;46m%[0;36;5;46;106mS[0;1;30;90;46m8[0;1;36;96;46m%[0;1;30;90;46m8[0;1;36;96;46m8[0;1;30;90;46mt[0;36;47m8[0;37;5;47;107m..  [0m
[0;37;5;47;107m.[0;1;37;97;47m8[0;36;5;46;106m  [0;36;5;42;102m.[0;36;5;46;106m  [0;1;32;92;5;46;106m8[0;36;5;46;106m  [0;36;5;42;102m:[0;36;5;46;106m.. [0;36;5;42;102m [0;36;5;46;106m [0;1;36;96;46m.[0;1;36;96;47mS[0;37;5;47;107m8::S[0;1;36;96;47mS[0;1;32;92;5;46;106m@[0;36;5;46;106mt[0;37;46mX[0;36;5;46;106m;[0;1;32;92;46m8[0;1;36;96;46m@[0;37;46mS[0;1;36;96;46m%%[0;1;30;90;46m8@S[0;37;5;46;106m@[0;36;5;46;106m;.[0;1;37;97;47m@[0;37;5;47;107m.[0m
[0;37;5;47;107m;[0;36;5;46;106m  [0;1;36;96;46m.[0;36;5;46;106m  [0;36;5;42;102m.[0;36;5;46;106m..[0;1;32;92;46m8[0;36;5;46;106m .[0;36;5;42;102m:[0;36;5;46;106m::[0;1;36;96;47mS[0;37;5;47;107mS:: .  :[0;1;36;96;47mX[0;36;5;46;106m [0;1;32;92;46m8[0;36;5;46;106m@[0;37;46mX[0;1;36;96;46mSt[0;37;46mX[0;1;36;96;46m@[0;1;30;90;46m@[0;37;46mX[0;37;5;46;106m8[0;36;5;46;106m:. [0;37;5;47;107m8[0m
[0;37;5;47;107mS[0;36;5;46;106m [0;36;5;42;102m [0;36;5;46;106m [0;1;32;92;5;46;106m8[0;36;5;46;106m.:[0;1;36;96;46m:[0;1;32;92;5;46;106m@[0;36;5;46;106m  :[0;37;5;46;106m@[0;1;37;97;47mt[0;37;5;47;107mX...       X[0;1;37;97;47m8[0;36;5;46;106m%[0;1;36;96;46m;%[0;37;46mX[0;1;36;96;46m%[0;37;46mX[0;36;5;46;106m@[0;37;5;46;106m8[0;36;5;46;106m.[0;36;5;42;102m:[0;36;5;46;106m:[0;36;5;42;102m [0;37;5;47;107m [0m
[0;1;37;97;47m8[0;36;5;46;106m   [0;1;36;96;46m.[0;1;32;92;5;46;106m@[0;36;5;46;106m [0;1;32;92;5;46;106m8[0;36;5;46;106m [0;1;32;92;5;46;106m8[0;1;37;97;47m [0;37;5;47;107m8X      .     ;. ;[0;1;37;97;47mS[0;36;5;46;106m;[0;36;47m8[0;37;5;46;106mS[0;36;5;46;106m .[0;1;32;92;46m8[0;36;5;46;106m .:[0;1;36;96;47mX[0m
[0;1;37;97;47m8[0;36;5;46;106m [0;36;5;42;102m:[0;36;5;46;106m [0;1;32;92;5;46;106m@[0;36;5;46;106m [0;1;36;96;5;42;102m8[0;36;5;46;106m [0;1;36;96;47m8%[0;37;5;47;107m8:  .  .  . .     :X[0;37;5;46;106m@[0;1;32;92;5;46;106mX[0;36;5;46;106m [0;36;5;42;102m [0;36;5;46;106m   [0;36;5;42;102m:[0;36;5;46;106m [0;1;37;97;47m8[0m
[0;1;37;97;47m8[0;36;5;46;106m . [0;1;36;96;5;42;102m8[0;36;5;46;106m [0;36;47m8[0;37;46mX[0;1;36;96;46m.;[0;36;5;46;106m.[0;1;36;96;47mX[0;37;5;47;107m8;    .  .    %@[0;37;5;46;106m%[0;1;32;92;5;46;106mX[0;36;5;46;106m [0;1;32;92;5;46;106m8[0;36;5;46;106m .[0;1;36;96;46m.[0;1;32;92;5;46;106m8[0;36;5;46;106m : [0;1;37;97;47mt[0m
[0;37;5;47;107mt[0;36;5;46;106m.[0;36;5;42;102m:[0;36;5;46;106m:t[0;1;30;90;47m8[0;1;36;96;46m.;;[0;37;46m@[0;1;32;92;46m8[0;1;36;96;46mS[0;36;5;46;106m;[0;1;36;96;46m:[0;37;5;46;106m8[0;37;5;47;107m8:   .  t@[0;37;5;46;106mS[0;36;5;46;106m [0;1;32;92;5;46;106m8[0;36;5;46;106m [0;1;32;92;5;46;106m8[0;36;5;46;106m [0;1;32;92;5;46;106m8[0;36;5;46;106m:[0;1;36;96;5;42;102m8[0;36;5;46;106m [0;1;32;92;5;46;106m8[0;36;5;46;106m.[0;36;5;42;102m:[0;36;5;46;106m [0;37;5;47;107m8[0m
[0;37;5;47;107m [0;1;36;96;47mX[0;36;5;46;106m .[0;1;30;90;47m8[0;1;30;90;46m:@[0;1;36;96;46mt[0;37;46mX[0;1;36;96;46m%X::[0;36;5;46;106m [0;1;32;92;46m8[0;36;5;46;106m  [0;37;5;47;107m8;  .X[0;36;5;46;106m [0;1;32;92;5;46;106m@[0;36;5;46;106m [0;1;32;92;5;46;106m8[0;36;5;46;106m [0;1;32;92;5;46;106m8[0;36;5;46;106m [0;36;5;42;102m.[0;36;5;46;106m:..[0;36;5;42;102m [0;36;5;46;106m.::[0;1;36;96;47m@[0;37;5;47;107m%[0m
[0;37;5;47;107m :[0;1;37;97;47mS[0;37;5;46;106mS[0;37;46m@[0;1;30;90;46mS[0;1;36;96;46m%[0;1;30;90;46m8[0;1;36;96;46mSt[0;37;46m@[0;36;5;46;106m:[0;1;32;92;46m8[0;36;5;46;106m%t[0;1;32;92;46m8[0;36;5;46;106m  [0;1;37;97;47m.[0;37;5;47;107m .[0;37;5;46;106m8[0;1;32;92;5;46;106mS[0;36;5;46;106m [0;1;32;92;5;46;106m8[0;36;5;46;106m [0;1;36;96;5;42;102m8[0;36;5;46;106m.[0;1;36;96;46m.[0;36;5;46;106m  [0;1;36;96;46m.[0;1;32;92;5;46;106m8[0;36;5;46;106m ::[0;36;5;42;102m:[0;37;5;47;107m%% [0m
[0;37;5;47;107m  ;;8[0;1;36;96;47m8[0;1;30;90;46m8[0;1;36;96;46mS[0;37;46mX[0;1;36;96;46mt;[0;37;46mS[0;36;5;46;106m%[0;1;30;90;46m8[0;36;5;46;106m.[0;1;32;92;46m8[0;36;5;46;106m;[0;36;5;42;102m [0;37;5;46;106m;[0;37;5;47;107m.%[0;36;5;46;106m [0;1;32;92;5;46;106m8[0;36;5;46;106m [0;1;36;96;5;42;102m8[0;36;5;46;106m.:[0;1;36;96;5;42;102m8[0;36;5;46;106m [0;1;36;96;5;42;102m8[0;36;5;46;106m [0;1;32;92;5;46;106m@[0;36;5;46;106m [0;36;5;42;102m [0;1;37;97;47m8[0;37;5;47;107m%    [0m
[0;37;5;47;107m  ..: t[0;1;36;96;47m8[0;1;30;90;46mX[0;1;36;96;46mStt;[0;36;5;46;106m [0;1;32;92;46m8[0;37;5;46;106mX[0;36;5;46;106m%;[0;37;5;46;106mX[0;37;5;47;107mXX[0;1;32;92;5;46;106mX[0;36;5;46;106m [0;1;36;96;5;42;102m8[0;36;5;46;106m:[0;1;32;92;46m8[0;36;5;46;106m  [0;36;5;42;102m [0;36;5;46;106m  [0;1;32;92;5;46;106m8[0;1;37;97;47m8[0;37;5;47;107m       [0m
[0;37;5;47;107m     ..:%[0;1;37;97;47mX[0;36;5;46;106m;[0;37;46m@[0;1;36;96;46m:[0;36;5;46;106m:[0;37;46mS[0;36;5;46;106m.[0;1;32;92;46m8[0;36;5;46;106m [0;37;5;46;106m8[0;37;5;47;107mSt[0;36;5;46;106m [0;1;32;92;5;46;106m8[0;36;5;46;106m.  [0;36;5;42;102m [0;36;5;46;106m::[0;1;36;96;47m8[0;1;37;97;47m [0;37;5;47;107mt        [0m
[0;37;5;47;107m  .    . t 8[0;1;37;97;47mt[0;37;5;46;106m@[0;36;5;42;102m.[0;36;5;46;106mS;[0;36;47m@[0;37;5;47;107m8:t8[0;36;5;46;106m [0;36;5;42;102m [0;36;5;46;106m:.[0;37;5;46;106m8[0;1;37;97;47mX[0;37;5;47;107mXt          [0m
[0;37;5;47;107m    .    . .;  @X:: .t  88;.            [0m
[0;37;5;47;107m      .  .      ..      ...  .          [0m
[0;37;5;47;107m  .    .  . .      . .  .  .   .        [0m
